function res = TemperatureFact_kd( T )
    res = 0.975 + (0.432*(0.001)*T) - (0.115*(0.00001)*(T^2)) + (0.104*(0.00000001)*(T^3)) - (0.595*(0.000000000001)*(T^4));
end

